_C_4065642c_0 8c 0 50 0 0 20256420 0 636c653a 0 6379 
_C_9756840c_0 8c 0 60 0 0 2e747874 0 46696c65 0 72656773 
_C_2f75a626_0 84 0 66 0 0 0 0 0 0 0 0 0 
_C_ded85e26_0 84 0 60 0 0 0 0 0 0 0 
_C_a883a0b7_0 84 0 68 0 0 0 0 0 0 0 0 0 
_C_70d5793c_0 8c 0 378 0 0 2564200a 0 616e6420 0 20256420 0 72657373 0 20616464 0 6e20746f 0 69747465 0 65207772 0 76616c75 0 6f776e20 0 756e6b6e 0 20257420 0 74696d65 0 20617420 0 74697665 0 73206163 0 6c652069 0 656e6162 0 69746520 0 65207772 0 7768696c 0 6e676520 0 20636861 0 72657373 0 20616464 0 20256d3a 0 726f7229 0 284572 
_C_a05895fc_0 8c 0 340 0 0 2564200a 0 65737320 0 61646472 0 20746f20 0 7474656e 0 20777269 0 616c7565 0 776e2076 0 6e6b6e6f 0 25742075 0 696d6520 0 61742074 0 69766520 0 20616374 0 65206973 0 6e61626c 0 74652065 0 20777269 0 68696c65 0 67652077 0 6368616e 0 65737320 0 61646472 0 256d3a20 0 6f722920 0 28457272 
_C_78216507_0 84 0 70 0 0 0 0 0 0 0 0 0 
_C_183a4116_0 8c 0 98 0 0 64617461 0 756c742e 0 65732f6d 0 696d6167 0 2e2e2f 
_C_d3ad9cb_0 8c 0 820 0 0 2025640a 0 756c6c3a 0 680a7166 0 353a2025 0 68205231 0 34533a25 0 68205231 0 33533a25 0 68205231 0 323a2025 0 680a5231 0 313a2025 0 68205231 0 303a2025 0 68205231 0 3a202025 0 68205239 0 3a202025 0 680a5238 0 3a202025 0 68205237 0 3a202025 0 68205236 0 3a202025 0 68205235 0 3a202025 0 680a5234 0 3a202025 0 68205233 0 3a202025 0 68205232 0 3a202025 0 68205231 0 3a202025 0 680a5230 0 723a2025 0 52637572 0 20202049 0 20202020 0 20202020 0 20256820 0 2049523a 0 20202020 0 20256420 0 6174653a 0 640a7374 0 696e2025 0 7363616e 0 20256420 0 74657374 0 20256420 0 6c656172 0 25642063 0 77723a20 0 20256420 0 2072643a 0 733a2564 0 79636c65 0 25680a63 0 75733a20 0 68206442 0 733a2025 0 20614275 0 3a202574 0 74696d65 
_C_107007df_0 84 0 7c 0 0 0 0 0 0 0 0 0 
_C_ffd76396_0 84 0 7e 0 0 0 0 0 0 0 0 0 
_C_e9765408_0 8c 0 168 0 0 66696c65 0 20726567 0 6e206f66 0 57207069 0 206f6e20 0 616c7565 0 616c2076 0 6c6c6567 0 6d3a2049 0 72292025 0 4572726f 0 28 
_C_2458b6b3_0 84 0 7a 0 0 0 0 0 0 0 0 0 
_C_d1eb8a4c_0 84 0 7b 0 0 0 0 0 0 0 0 0 
_C_59329cf3_0 8c 0 378 0 0 73736573 0 64647265 0 6c6c2061 0 746f2061 0 74656e20 0 77726974 0 6f776e20 0 756e6b6e 0 20257420 0 74696d65 0 20617420 0 74697665 0 73206163 0 6c652069 0 656e6162 0 69746520 0 65207772 0 7768696c 0 6f776e20 0 756e6b6e 0 20746f20 0 6e676564 0 20636861 0 72657373 0 20616464 0 20256d3a 0 726f7229 0 284572 
_C_c82897ef_0 94 0 20 0 0 13fff 
_C_b5ad36ce_0 8c 0 e0 0 0 3a256820 0 64427573 0 25682020 0 75733a20 0 64206142 0 653a2025 0 6379636c 
_C_f6f0db31_0 8c 0 30 0 0 3a202568 0 2564 
_C_98d1798b_0 84 0 4 0 0 0 
_C_4df8f7b9_0 84 0 2 0 0 2 
_C_479f0177_0 84 0 2 0 0 3 
_C_59371a25_0 84 0 2 0 0 0 
_C_1fdca360_0 84 0 8 0 0 0 
_C_e816e20d_0 84 0 4 0 0 d 
_C_f7fd281c_0 8c 0 2d8 0 0 73202564 0 64726573 0 6f206164 0 20696e74 0 7474656e 0 20777269 0 616c7565 0 776e2076 0 6e6b6e6f 0 25742075 0 696d6520 0 61742074 0 6f776e20 0 756e6b6e 0 20697320 0 676e616c 0 65207369 0 6e61626c 0 74652065 0 20577269 0 20256d3a 0 726f7229 0 284572 
_C_f6bef95f_0 84 0 4 0 0 e 
_C_fcd90f91_0 84 0 4 0 0 f 
_C_ef0f67b3_0 84 0 18 0 0 0 
_C_b35bc3_0 84 0 20 0 0 0 
_C_4136d472_0 84 0 21 0 0 1 0 0 
_C_44a985a8_0 84 0 21 0 ffffffff ffffffff 1 1 
_C_37465e6b_0 8c 0 90 0 0 64617461 0 6d656d2e 0 6765732f 0 2f696d61 0 2e2e 
_C_1ccbf38d_0 84 0 6 0 0 2d 
_C_351a8780_0 94 0 20 0 0 0 
_C_3f7d714e_0 94 0 20 0 0 1 
_C_21d56a1c_0 94 0 20 0 0 2 
_C_bab49f6d_0 84 0 6 0 0 3d 
_C_7c8f66cd_0 8c 0 a0 0 0 64617461 0 6c74692e 0 732f6d75 0 6d616765 0 2e2e2f69 
