0 0.0312505 0.028765500000000003 0.062501 0.056015
0 0.0414825 0.20281149999999998 0.07806899999999999 0.10536100000000001
0 0.190615 0.865651 0.264234 0.20672000000000013
0 0.195619 0.25015699999999996 0.21018599999999998 0.15204
0 0.23865750000000002 0.610251 0.260231 0.197384
0 0.363768 0.5248955 0.21018599999999998 0.15203899999999998
0 0.5639455 0.170803 0.242215 0.182714
0 0.5759559999999999 0.317508 0.23020399999999996 0.142704
0 0.6350085000000001 0.6255885 0.1481309999999999 0.12136499999999995
0 0.8051595 0.6562629999999999 0.20418100000000006 0.13737
