Apple 0.0156335 0.7291035 0.031267 0.11267899999999997
Apple 0.059586499999999994 0.705129 0.060235 0.06712800000000008
Apple 0.289739 0.3706895 0.202282 0.26851099999999994
Apple 0.29783 0.913105 0.14834 0.09709600000000007
Apple 0.378743 0.0109325 0.04944599999999999 0.021865
Apple 0.46504999999999996 0.5019475 0.21666599999999997 0.27210700000000004
Apple 0.45516100000000004 0.769859 0.07461999999999996 0.07431999999999994
Apple 0.5792269999999999 0.43302250000000003 0.13035999999999992 0.21816500000000005
Apple 0.609794 0.0314545 0.15373399999999993 0.06233300000000001
Apple 0.8884939999999999 0.667969 0.09799400000000003 0.12226799999999993
Apple 0.9437845 0.40964749999999994 0.06652899999999984 0.08031300000000002
Apple 0.973378 0.9035154999999999 0.051994000000000096 0.1234670000000001
Apple 0.975176 0.2004725 0.04839799999999994 0.086307
Apple 0.9756255 0.0746085 0.04749899999999996 0.086307
