Apple 0.1049355 0.645821 0.20446699999999998 0.11887599999999998
Apple 0.042526 0.0364195 0.07251400000000001 0.072839
Apple 0.267201 0.098992 0.193768 0.19495600000000002
Apple 0.3735955 0.19230949999999997 0.11412100000000003 0.12957499999999997
Apple 0.42174 0.5019815 0.2008999999999999 0.192579
Apple 0.3724065 0.7730185 0.09985499999999997 0.08321300000000009
Apple 0.8080864999999999 0.816408 0.22467500000000007 0.21516599999999997
Apple 0.8401830000000001 0.24996450000000003 0.12244200000000005 0.09272300000000003
Apple 0.951668 0.6743509999999999 0.09339599999999992 0.17593599999999998
Apple 0.9706885000000001 0.1952815 0.05535499999999993 0.19971099999999997
